10090 ’ qn

Ι10111. Png. ’1οο01109.

11. 606111. 4220460800]οη601 -

00600 11. 268 Τ100600 11. 676

111100 ’.11 174- wimer - ·11.678

6111. 11 16966000616101010 111. 472
111710600011101000

01100101. 11.177 grosse 111. 471
11. 17666000610101

111611 11. 169 619011 111. 288

11. 891 601101 111. 286

11. 670 glane 111. 286

111. 707 1101010110ὠο 11. 667

0611079100 1 260 1001ιο - 111. 287

11011011 1. 842 SVmPf m· ²⁸4

1 433 (10οι01010

11. 217 010011910οο0 1. 671
111101 Ι. 872 1017900616011901· 11. 186
101011 1. 872 911ιο01 l. 6
6000 11. 604 Manet 1. 6
00600 11. 287 0011101 - 1. 688
6011 111. 676 schmieriget 1.· 662
iege! 1. 480 Stadt 1. 664
0 11. 197 8100609101611110. 1. 668
0000 0601100801 1. 672

111. 621 00606100 1. 668
0” 111. 622 vielsamiget 1. 678
¹ 111 767 110100160100110161. 11. 186
stmmmwdmm ,1.00
“aaz = Gfflnsekl'ssut 111. 86
ι 1. 188 Alpen 111. 88
0 1.189 11010 e 1¹1: 16
10111101 1. 189 01060100 11. 607
whamgqr 1V 47 1006616069. 11. 606
21 1. 189 1600011100101119. 111. 86
en l. 187 Ganserich 11. 442

0110 11. 64480160011000 111. 487
9001061901.11.6’26
tduvarzkelchig. 11. 622
11001190 111. 4 emanante 11 199
600001060111011 11 18
11· 5329000660111110000 1. 469
niedem Il. 684· 901601· , 1
. ,110 581 Μβῃῃιαίῃ ἱ. ¹ ⁵ ο

 

